[[ 0.1  0.   0.   0.   0.   0.  -0.1 -0. ]
 [ 0.   0.   0.   0.   0.   0.  -0.  -0. ]
 [ 0.   0.   0.   0.   0.   0.   0.   0. ]
 [ 0.   0.   0.   0.   0.   0.   0.   0. ]
 [ 0.   0.   0.   0.   0.   0.   0.   0. ]
 [ 0.   0.   0.   0.   0.   0.   0.   0. ]
 [-0.1 -0.   0.   0.   0.   0.   0.1  0. ]
 [-0.  -0.   0.   0.   0.   0.   0.   0. ]]
[[ 0.035  0.035  0.     0.    -0.035 -0.035  0.     0.   ]
 [ 0.035  0.035  0.     0.    -0.035 -0.035  0.     0.   ]
 [ 0.     0.     0.     0.     0.     0.     0.     0.   ]
 [ 0.     0.     0.     0.     0.     0.     0.     0.   ]
 [-0.035 -0.035  0.     0.     0.035  0.035  0.     0.   ]
 [-0.035 -0.035  0.     0.     0.035  0.035  0.     0.   ]
 [ 0.     0.     0.     0.     0.     0.     0.     0.   ]
 [ 0.     0.     0.     0.     0.     0.     0.     0.   ]]
[[ 0.   0.  -0.  -0.   0.   0.   0.   0. ]
 [ 0.   0.1 -0.  -0.1  0.   0.   0.   0. ]
 [-0.  -0.   0.   0.   0.   0.   0.   0. ]
 [-0.  -0.1  0.   0.1  0.   0.   0.   0. ]
 [ 0.   0.   0.   0.   0.   0.   0.   0. ]
 [ 0.   0.   0.   0.   0.   0.   0.   0. ]
 [ 0.   0.   0.   0.   0.   0.   0.   0. ]
 [ 0.   0.   0.   0.   0.   0.   0.   0. ]]
[[ 0.   0.   0.   0.   0.   0.   0.   0. ]
 [ 0.   0.   0.   0.   0.   0.   0.   0. ]
 [ 0.   0.   0.1  0.  -0.1 -0.   0.   0. ]
 [ 0.   0.   0.   0.  -0.  -0.   0.   0. ]
 [ 0.   0.  -0.1 -0.   0.1  0.   0.   0. ]
 [ 0.   0.  -0.  -0.   0.   0.   0.   0. ]
 [ 0.   0.   0.   0.   0.   0.   0.   0. ]
 [ 0.   0.   0.   0.   0.   0.   0.   0. ]]
[[ 0.     0.     0.     0.     0.     0.     0.     0.   ]
 [ 0.     0.     0.     0.     0.     0.     0.     0.   ]
 [ 0.     0.     0.035 -0.035  0.     0.    -0.035  0.035]
 [ 0.     0.    -0.035  0.035  0.     0.     0.035 -0.035]
 [ 0.     0.     0.     0.     0.     0.     0.     0.   ]
 [ 0.     0.     0.     0.     0.     0.     0.     0.   ]
 [ 0.     0.    -0.035  0.035  0.     0.     0.035 -0.035]
 [ 0.     0.     0.035 -0.035  0.     0.    -0.035  0.035]]
[[ 0.   0.   0.   0.   0.   0.   0.   0. ]
 [ 0.   0.   0.   0.   0.   0.   0.   0. ]
 [ 0.   0.   0.   0.   0.   0.   0.   0. ]
 [ 0.   0.   0.   0.   0.   0.   0.   0. ]
 [ 0.   0.   0.   0.   0.   0.  -0.  -0. ]
 [ 0.   0.   0.   0.   0.   0.1 -0.  -0.1]
 [ 0.   0.   0.   0.  -0.  -0.   0.   0. ]
 [ 0.   0.   0.   0.  -0.  -0.1  0.   0.1]]
